P1: 1280.05620998836 0. 630.790502627139 0. 0. 1280.22554999167 360.043936599345 0. 0. 0. 1. 0.
R1_rect: 1. 0. 0. 0. 1. 0. 0. 0. 1.
R: 0 -1 0 0 0 -1 1 0 0
t: 0 0 0
